김밥 3000 2 4 3 55 30 50 39 28 0.0 1 4334
김치우동 2330 1 1 1 99.14 15.55 4.6 0.83 0.0 14.13 0 2063
머핀 3444 1 1 1 14.28 1.02 3.57 1.53 0.0 12.75 0 4395
물냉면 6500 1 4 5 112.9 15.82 4.08 1.18 0.0 41.78 0 7518
자장면 4500 1 1 1 133.63 19.77 20.32 8.51 0.18 10.76 0 7464
탕수육 8500 1 1 1 51.83 17.48 19.94 4.9 0.17 44.01 0 8475
김밥 4000 1 1 1 57.57 7.26 6.48 2.75 0.06 40.49 1 192
탕수육 7000 1 5 5 51.83 17.48 19.94 4.9 0.17 44.01 1 7006
탕수육 8000 1 1 1 51.83 17.48 19.94 4.9 0.17 44.01 0 15924
떡볶이 6000 1 1 1 34.3 3.01 4.38 0.19 0.0 0.0 0 17890
탕수육 8000 1 2 1 51.83 17.48 19.94 4.9 0.17 44.01 0 31802
탕수육 5000 4 3 5 51.83 17.48 19.94 4.9 0.17 44.01 1 64